min: -0.0186907
max: 0.0675466
